80
SPHERE    0     2000        0     50     50   100      1    0     0
SPHERE   40     1800    -1000     75     75   150      1    0     0
SPHERE    0     1400     1200     50     50   100      1    0     0
SPHERE   50     1100     1000    100    100   200      0    0.6   0.8
SPHERE   40      100     -600     50     50   100      0.6  0.2   0
SPHERE   30    -1000     -700     50     50   100      1    0.5   0.3
SPHERE  200      400     -200     40     40    80      1    0     1
SPHERE  120    -1400     1000     50     50   100      0.6  0     1
SPHERE   10     1000     -500    100    100   200      0    0     1
SPHERE   30    -1700     -100    200    200   400      0    1     1
SPHERE   20    -1000      500    200    200   400      0    1     1
SPHERE   50     -500     -400    100    100   200      0    1     1
SPHERE   40      500      400     50     50   100      1    1     0
SPHERE   30      800     -700    100    100   200      0    0.4   1
SPHERE   20      100      700     70     70   140      1    0     1
SPHERE   10     -200      200     90     90   180      0    0.3   1
SPHERE   50    -1200     -200    100    100   200      0.2  0     0.7
SPHERE   30     1700     -600    200    200   400      0    1     1
SPHERE   20     1300        0    100    100   200      0.6  0.05  0.2
SPHERE  120        0     2000    200    200   400      0.0  1.0   0.0
SPHERE   10      800        0     20     20    40      0.6  0.05  0.2
SPHERE    0      -50    -1000     20     20    40      0.0  0.4   1
SPHERE   40     -100    -1200     20     20    40      0.2  0     0.7
SPHERE   20       50    -1500     20     20    40      0.6  0.05  0.2
SPHERE    0     2000    -2200     30     30    60      1    0     0
SPHERE   40     1800     1000     40     40    80      1    0     0
SPHERE    0     1400    -1200     50     50   100      1    0     0
SPHERE   50     1100        0     35     35    70      0    0.6   0.8
SPHERE   40      100     -400     40     40    80      0.6  0.2   0
SPHERE   30    -1000     -300     35     35    70      1    0.5   0.3
SPHERE  200      400     -800     40     40    80      1    0     1
SPHERE  120    -1400    -2000     49     49    98      0.6  0     1
SPHERE   10     1000    -1500     20     20    40      0    0     1
SPHERE   30    -2000    -1900     20     20    40      0    1     1
SPHERE   20    -1000    -1500     24     24    48      0    1     1
SPHERE   50     -500     -600     20     20    40      0    1     1
SPHERE   40      500    -1400     22     22    44      1    1     0
SPHERE   30      800     -300     45     45    90      0    0.4   1
SPHERE   20      100    -1700     30     30    60      1    0     1
SPHERE   10     -200    -1200     34     34    68      0    0.3   1
SPHERE   50    -1200     -800     25     25    50      0.2  0     0.7
SPHERE   30     1700     -400     15     15    30      0    1     1
SPHERE   20     1300    -1200     20     20    40      0.6  0.05  0.2
SPHERE  120        0     -300     20     20    40      0.0  1.0   0.0
SPHERE   10      800    -1300     20     20    40      0.6  0.05  0.2
SPHERE    0      -50     -230     20     20    40      0.0  0.4   1
SPHERE   40     -100    -1800     20     20    40      0.2  0     0.7
SPHERE   20       50    -1500     15     15    30      0.6  0.05  0.2
SPHERE   40     -100    -2300     20     20    40      0.2  0     0.7
SPHERE   20       50    -2400     15     15    30      0.6  0.05  0.2
SPHERE    0     1700    -1500     25     25    50      1    0     0
SPHERE   40     2500    -1200     25     25    50      1    0     0
SPHERE    0     1050     1800     30     30    60      1    0     0
SPHERE   50      700     1000     25     25    50      0    0.6   0.8
SPHERE   40     -450     -600     25     20    50      0.6  0.2   0
SPHERE   30    -1000    -1900     50     50   100      1    0.5   0.3
SPHERE  200     -400    -1200     20     20    40      1    0     1
SPHERE  120    -1400     1300     30     30    60      0.6  0     1
SPHERE   10      700    -1500     50     50   100      0    0     1
SPHERE   30    -2500     -100     30     30    60      0    1     1
SPHERE   20    -1500      500     35     35    70      0    1     1
SPHERE   50      200    -1400     40     40    80      0    1     1
SPHERE   40    -1000      400     50     50   100      1    1     0
SPHERE   30     -800     -700     28     28    56      0    0.4   1
SPHERE   20    -1000      900     45     45    90      1    0     1
SPHERE   10     -150      200     30     30    60      0    0.3   1
SPHERE   50    -1200     -200     25     25    50      0.2  0     0.7
SPHERE   30      650     -600     40     40    80      0    1     1
SPHERE   20      120        0     20     20    40      0.6  0.05  0.2
SPHERE  120    -1200     1300     25     25    50      0.0  1.0   0.0
SPHERE   10     1800        0     20     20    40      0.6  0.05  0.2
SPHERE    0     -550    -1200     20     20    40      0.0  0.4   1
SPHERE   40     -950    -1000     20     20    40      0.2  0     0.7
SPHERE   20    -1800    -1500     20     20    40      0.6  0.05  0.2
SPHERE    0     1500    -1200     25     25    50      1    0     0
SPHERE   40      550     1000     20     20    40      1    0     0
SPHERE    0     1200    -1900     25     25    50      1    0     0
SPHERE   50     1850    -1700     25     25    50      0    0.6   0.8
SPHERE   40    -1450    -1300     20     20    40      0.6  0.2   0
SPHERE   30    -1800    -1500     30     30    60      1    0.5   0.3
